2000000 2000000 50
806698 1020320
694705 742935
320581 1191333
451783 865603
800451 805147
160785 852975
211449 846203
434944 885160
505952 931346
122444 927508
462834 1044870
525167 715927
685099 875787
428241 637069
282757 1020365
461248 885078
419764 691422
377293 1278851
833353 969991
171026 1159436
622875 1145805
531477 1121569
679648 815118
427290 879676
534040 1227322
562621 1415625
513676 933812
199428 974236
790990 864794
389569 1173835
578971 1027929
723627 1019309
308806 1295934
809418 944970
822123 880041
369970 1006930
932055 954261
434569 570039
729650 1073656
843130 1137052
438989 585415
721148 1152324
577472 1141930
398336 910628
764060 914648
495915 1198527
745462 1022036
817672 977930
540476 1456328
591346 703408
