2000000000 2000000000 1000
158220158 1046098492
477692125 1082998563
381947108 1168273498
398933535 1266439773
356744842 646649348
867342644 1048673384
524570691 660698057
405841716 985467488
604433169 620618587
730024023 1067665551
134372773 1079873997
426958594 1164112596
427992918 987990454
497913218 716333552
436936273 609786855
612031566 810522848
823484959 1141875717
103495829 1073331917
634462840 852883174
336326103 1201603917
337256406 968936846
529119147 821063109
419900399 794346371
440477450 882064578
631856287 1031469311
420923994 1135456856
389756655 824490115
239665118 908547360
564487595 1137416483
570689859 1412321497
406694847 754625449
148819742 1065427028
309319033 977023607
582628160 631618610
888745489 890347459
591365296 622881474
473181831 741064939
380235750 648118858
427922397 786324373
652256097 1295317391
337363664 1335582550
507006493 732224891
420843232 793403538
500597674 544254370
166665052 1022258592
650119774 889194800
403905734 820378444
372147993 1095181229
579685900 634560870
564246910 1377505222
579202473 635044297
375391066 838855704
356873355 828309941
361415584 852831186
283009048 931237722
369505548 856654976
311132471 724304523
579858531 598858365
933096364 946260460
398767062 815479708
770156468 1000081206
889335780 930061304
429619055 1276539161
639071825 925323095
560417449 799655693
731095305 1236173113
745682100 1139699090
204511525 1045778711
130003464 1041648834
459955536 1394924390
352386306 800034252
117456359 1055890663
234210705 926549825
146918485 1098784853
562573896 1200245890
377833249 834125069
109912241 1009393731
466929105 749499243
589287544 1311010426
513510038 700736732
746453244 933957516
502046740 1169939272
562026407 1224720193
453624222 1192814020
654295929 1043578873
685209402 758316920
407125336 1178515352
280772547 1187405719
396418020 817828750
333702430 880544340
746170901 1236404367
573716462 640530308
94739171 1049510333
432310641 872764483
493687644 730536288
380094763 965663177
780353711 1201764441
348857819 871589837
265823905 948422865
426455135 903655065
414988926 746328536
464968025 1196979645
134034800 1080211970
478673136 1192130432
138935729 951154685
551154037 600144487
406642279 608499753
565536346 1186779748
697097368 1141118344
511818766 1181563554
450305730 606987676
828637050 1078524162
664382568 675862570
124983870 920946822
482179829 732066941
523925388 690321382
454518390 759728380
793770372 823788688
329628974 1169483942
338715231 771109317
659075427 1300139441
561621757 864257187
564660575 1360475229
439926141 1337145795
168214457 1034420521
522792702 1058831418
106319394 1058263310
50431392 969226320
151757693 967368163
627058869 925450793
845985242 984836886
507681900 1190280860
331434837 980668989
893836571 1015053619
457268548 933455520
803025152 1140726092
228224556 1209509200
577994668 817823796
417985735 796261035
486218731 1170799715
185856986 928138908
888305360 943335896
352776566 861470204
789000812 1063890950
727667684 1052289350
523669096 690577674
411941829 802304941
436321238 777925532
601014206 613232564
765544837 1018855981
449228292 765018478
488852946 1221319514
129005728 875119066
298730080 867141942
608572112 1159450596
543324830 730551524
542237453 672009317
241114905 841678979
439145809 775100961
308206542 906040228
397399782 997157668
325139481 715502593
550400920 1121916196
283247497 1208018871
344666725 901005275
874463902 1115248224
585970137 1141897195
560824998 607155726
582121873 887331863
432965879 617774935
220465626 993781144
184856539 1029390231
62920769 983436325
444775555 841682129
266239234 948007536
245117574 990483878
335165027 879081743
578804505 635442265
361845730 1030739810
490910038 1436411262
130991762 1083255008
378781192 835465578
407316873 806929897
173559912 1040686858
381332292 1326626276
531653579 1405164431
110346544 1101094680
501274397 712972373
323001377 891245393
589478195 963109821
680536505 737174265
217442237 996804533
121501984 932829444
863113815 1034853729
431845893 1417613071
156111113 1094966847
359509966 1028392654
565919977 761735387
313330277 718978799
248883079 1181008081
360125410 1106674808
608100350 1312063556
263917424 902977620
350122753 1333757003
573376714 942001718
198232940 936417294
177898595 1122266535
790672265 1146579535
701494151 768000313
369824736 1366994248
325223559 1172166943
607286111 1312629527
366059902 848186868
255824114 840381378
423384733 652841909
617196307 860283095
411768826 802477944
427173469 787073301
738830507 1001287401
832116362 1136166890
222690803 991555967
451092555 1323093635
372886611 1270661397
529589956 684656814
575159343 926792701
141060884 1073185886
517559378 541242818
795086013 1192438039
162112929 1085106879
784058799 900086155
111898852 1062502014
683190069 1145081941
278189401 936057369
261220280 953026490
255347600 958899170
623949900 911395410
314204195 756667293
431306706 782940064
502894000 711352770
496441518 543287528
872793619 879245091
355108925 783160025
581626506 949674842
277824241 936422529
597604987 996842689
337760520 1065931180
482102020 732144750
585292892 1364655188
460776825 1033356975
443366260 1033556316
284534920 1001288724
153734394 1060512376
429330175 1169467661
874405548 946959520
349070414 661997032
648876955 914782835
811353965 953007971
232786091 1126738039
442967323 654665299
786724255 1047822025
386329821 827916949
363053807 1014914617
579552985 634693785
447630524 1099004688
422316462 800268384
624393805 1072673889
398987675 1167852839
684833040 805581282
397184663 640401751
484575569 1260129959
504342027 617416037
748267729 903334587
732305468 801456112
601343611 1377586499
676275546 1184969184
672526630 1087181430
904125978 915698366
160573660 958077014
526815645 1218621855
480467813 733778957
905150209 936666387
615708451 939060125
639781130 1131196732
317053584 897193186
838106710 1118696548
228760840 985485930
401924894 1092348398
583742311 727184685
404934831 821647477
101818674 970833624
192977409 1021269361
368667927 845578843
573725081 1009466001
560081913 1120426737
487454201 726792569
112079872 1067504508
675611007 1120642441
291370855 719102419
967789880 990922354
416146078 863328902
468937285 1174685291
833345319 948626589
409621164 600851972
314787304 1309954388
172878513 1041368257
674868606 1125945312
78351018 1058765610
552939089 1201167763
172615910 1041630860
616200609 759050391
715514887 721490933
381585032 832661738
481716117 732530653
407414563 622296023
881338523 1091213763
275433723 1159762887
390309303 1015503013
809399517 1159111521
544954233 1027749829
436179553 1164929663
374851389 839395381
458218491 982439207
515712145 656117691
552507092 1049908996
517540127 696706643
376323372 1018013148
518622024 730404566
828716398 917969254
669897707 1060606825
550769229 1010775461
541609295 1153525445
528521699 695980887
245833684 968413086
392572041 821674729
468481576 650236154
235992320 890687900
580022864 1107968320
345258846 694715636
213633163 1000613607
462503696 751743074
411278814 1327886100
369874846 724374776
671590776 808783448
572788065 1208612869
338688767 922737211
465138420 749108350
305762370 1009104844
521402722 1127199604
267454799 946791971
203439660 1034978604
602056768 1314708198
295701266 918545504
158235992 1056010778
411484580 1080856004
688923513 865015443
160508781 939524359
579608117 634638653
497677036 875952336
340860054 1114175572
293813920 920432850
656764494 835931010
91530472 1037707642
511435418 946332018
269799897 904919863
511851695 1060881351
374846988 1289584820
267652523 1110590723
537697563 676549207
432267383 781979387
542449146 1019757732
352582907 1004447653
415573945 1300984827
583430122 876730440
419330029 811464747
307082034 907164736
663552917 849535639
371454765 1307653967
438722436 1134871736
245019813 1019591321
647184325 923235161
373154709 841092061
351694620 704534476
502185765 712061005
216162251 922517591
525341102 1148185340
735443350 973796066
320505320 850461530
931397068 943615426
165259671 1146734619
286931715 1110497421
341683889 1060015687
408447372 805799398
336785782 933893080
546514861 667731909
668084011 1325951979
375351873 843289225
506120286 1043423584
638187284 969546624
151300700 1062946070
671067713 1257043921
541769978 969524592
590610980 1329346662
543869162 564140068
551731829 1238461687
390618970 1244756036
465666762 883996942
309634139 866048865
466025864 761751210
303029159 1093049537
135522068 972229338
827078603 1069411315
573420470 1337193746
352687604 727133576
461056070 883367634
629815429 1154536435
166923886 1022034986
549021676 665225094
650715003 1012688983
807369226 1049643078
758015537 1213231119
398633726 712310712
427310140 786936630
792492488 807411454
717123482 877615690
160033503 1057161887
212113196 1002133574
246261845 825613901
796647193 1130290303
270972123 1227506013
513470576 1060312486
326554836 1115765962
522988672 654826406
535853150 678393620
505936199 878515071
151719364 1097477598
220207964 782033502
497198663 1322314483
661629794 1303438354
384437842 900431506
568643976 867149958
410296977 671639797
513438555 548822661
425535078 1096615598
848452433 1109989833
531722277 990953649
332935646 969896734
373499917 1161613989
406909791 1058907969
302844255 911402515
620225511 1376902737
835422471 1068492531
794895836 961291830
364928655 1301254171
143541695 1070705075
465324488 788918686
548469950 1181795980
407666982 806579788
86344969 1055647297
519293005 1213008231
487947027 726299743
701591307 1074151613
141525816 886272856
432007568 828073212
116385911 1097860859
666522784 722364608
577990700 1139062880
265376772 839075436
761831089 870872915
534946393 1067117009
502949097 611166995
936115629 989536439
474694818 642262998
451828975 950123943
487585872 726660898
319443993 1128247885
459211538 1084975228
328748158 1004456458
556847407 757742597
412267933 1094036235
705700345 1012134441
335950315 1131171407
431504607 934149031
508956639 920265659
214207417 1000039353
516025560 599092906
639693175 1345042957
883022672 951301536
305871991 1024101065
131190201 1083056569
457056740 793263770
160327446 1053919324
430083402 719322780
459846988 1328336732
690035063 839807705
509139826 1248157346
470470919 878616725
581678951 1392681265
456211077 1158670877
185449336 1073589184
845487758 989182924
734784164 1017626844
631346911 1317558651
104346012 1016803574
355801173 858445597
15350648 989483240
391131039 823115731
638765274 648803178
361469128 1096283560
487108973 747557213
562819661 651427109
441589104 1414621158
670144082 1322378532
607275207 1328304961
670915841 1206218855
355705534 743533512
735543929 1226371745
264832893 949413877
801076546 1160703036
764553955 834751075
272830825 1179136123
382035861 1230516307
498245721 1405023703
311081352 1263344598
331031045 1027914435
290247253 1238181577
355795849 846566369
567050824 1194217958
574963157 1278514727
496749786 1171716996
501844598 737261148
294005723 1056164405
791391736 976160362
722266909 1036403737
579597639 1238195927
317350064 956227086
352197880 710599856
135064697 995942957
510478965 518475399
123993858 1090252912
173902337 1040344433
624466723 1086486023
685567733 1120301193
511272998 532186806
527053668 649064084
818500710 1071857576
695030867 1105617507
573727699 1170229933
535929012 698459206
646270119 1053557251
890432832 976222890
701810934 1075005320
234758932 834841634
168213530 1110008320
600180832 773179234
897675172 993655920
552178001 804763035
820704445 1103271933
194370508 1147901466
362096592 949894242
707318676 1098833126
600755754 884348792
794552878 1190086356
514763928 746375900
497159170 866777358
410302896 870041970
454361726 896710320
704398197 1069011075
539007958 675238812
109017812 988282088
436243988 1145154060
548877725 581084517
465838316 748408454
284835747 1243359587
473596342 1208920448
598778356 1262739122
736519749 911964625
286468089 927778681
534228616 642166742
128009309 1085608051
508182249 706064521
360991058 1127034306
454303611 652185883
412047726 1156754230
71756254 953373682
455064990 1367609952
314339178 899907592
418699350 875383736
444442732 1207730276
575170197 921428509
194483184 1048626714
100613108 1099486882
691827102 905223658
118486039 1095760731
801306066 847763762
122934797 968439367
639943352 848402122
321377787 1254585411
272696549 1011709703
298253407 903131021
514291974 1179954506
590221099 1255703315
695869521 1069193237
356215459 645095935
864282755 980486173
339532196 1062111598
791037958 869623974
584813759 878653125
342360644 871886126
687484659 1091474793
327682993 1153079169
359496586 854750184
543151015 793717979
770382239 815030893
473041495 1339483591
473556045 1429647845
540017457 1120157059
116544954 1002855372
291870772 1054182146
240890101 973356669
480369472 796077246
561712071 761707949
507640158 1262117916
349104979 678015515
313224560 901022210
242063467 972183303
465003414 637754532
487174748 1016700230
368865277 1096578715
618778429 1122511229
368058139 846188631
372721641 970555327
563636528 784407882
809290868 1025772812
508833767 863231837
628602011 1106732503
918346797 960849959
536975971 625583419
521323703 702729009
578409439 635837331
626891360 1253510290
302078729 1171954743
506174818 1331862620
463577240 659369674
304684578 909562192
346745306 1046795300
772328194 1077078570
208371708 1005875062
550222681 1153338887
242748330 971498440
483732220 730514550
717985952 807018774
457927423 756319347
451022722 994939438
794758350 930989204
418122394 1293621326
469545388 1444093254
305834961 1093969681
753572897 912459277
319045492 1296980530
400532055 858830729
751634961 990973329
433828365 864851643
702526358 1034396968
364170053 1286082313
243200380 846698658
328262822 738675524
620366387 1345230527
725642327 1215230385
249972998 774585184
433994229 780252541
697438494 852192518
558184344 1288304180
695888731 1283445173
487708330 1339278384
429169750 785077020
507611555 948092047
132419537 906426219
437031993 777214777
180051620 1034195150
694182538 1233682380
234440233 979806537
405757000 1340985806
47324604 953921758
304470166 909776604
390933312 1211440996
289563402 924683368
124771787 893938123
698438557 790025817
530678437 1267158375
111749317 1102497453
281796317 1250782283
442026720 1038077150
259944368 1131234696
164958803 1049287967
407922895 981246091
331293671 1145937581
442183741 1321434675
914708413 1032264359
872274306 1051457612
134939415 1079307355
478202366 814157518
175670588 861513378
332631832 1274778040
552602472 661644298
583977167 1035531107
493299695 777269625
395129416 1170549246
733599433 1072908461
614138522 1218614158
529404826 1184829846
569975448 911579742
677367469 1251438601
217195733 1083854731
662692921 710484897
596955468 758715876
975987763 978544179
172087040 1036529666
225236747 989010023
647735027 1328507553
689193785 823702421
971027303 1000428015
659110577 909153307
182514638 1176168804
444920719 1261083841
130663485 1096922539
147725921 1066520849
165003360 951983804
235539932 1087565078
282506309 931740461
495063720 1082888822
600541337 613705433
495051259 1249873761
779701926 1106663172
394720171 610351015
390753304 823493466
698341981 1058241813
202326161 925088707
138754010 1075492760
194425297 1019821473
589431332 624815438
163053461 1051193309
634464414 1002776832
583227397 631019373
688194075 1050821127
667613448 974959448
64533843 1041808535
467244883 714027213
546748528 1202318550
144325406 974475300
757900602 784506084
667502492 1295651638
661394049 1133018947
223307075 1120745107
423723130 795533532
749919656 1104898964
439752335 871737027
830724032 1025755700
679529021 944263897
555735889 954648695
354584481 859662289
107611073 893457973
650224770 1339173270
597891553 701994959
616464110 1078243302
171478221 1042768549
194310195 973472335
772751889 1135592491
604135362 610111408
574011410 648873306
752052246 937046056
149421246 1070725304
639167418 1280478010
574874509 1022254689
861477809 902544293
528454234 629532336
305113026 1086361590
615485853 1254480155
188678848 814067638
836562091 1152352277
499960356 1094525008
614891195 1101470389
509607551 704639219
515482359 784653283
633704751 794281631
472935474 530363366
784504244 839379214
819066714 1013711174
455841430 798392438
273173356 782301768
496550869 1105109129
539059702 675187068
399979546 799446846
398820582 917232798
418446609 1359672967
422314291 791932479
462560112 1248392048
476642953 551918001
381582962 808852112
641675247 913860527
547059281 982073837
161792474 858329212
233608112 1160771492
564228356 650018414
183663332 1030583438
148820457 964447861
399225992 1078563164
560324922 1254919852
106160737 990255991
574149195 1006889357
246252717 1113379663
638161464 766885702
276419463 972572241
875013896 1088172546
524386517 689860253
160147411 1054099359
404872967 1118335715
581289752 1000882534
530809990 1377421292
131502568 930566270
885924716 972170186
482129210 589313170
379515594 834731176
694431646 716847520
753015353 819829199
403479819 810766951
499682655 714564115
460385724 753861046
412177679 980421695
373327090 1193089144
873078960 1064799348
309366852 943750468
146865607 1067381163
488696185 1021897277
213056025 1001190745
483796783 1392855273
260078826 1024921196
863269861 1084149497
354813317 659940313
617844312 1156117276
415428288 931310674
553130050 714724428
624717117 1089261109
905327772 905886684
462683147 751563623
310372733 768117579
130357906 1083888864
256110487 1242353027
187195901 1027050869
167497918 1046748852
343123806 772226494
103081223 931373175
757269753 961525445
212517822 1001728948
504995539 709251231
468099283 1243416349
765884282 802206300
564000650 650246120
558458019 567441677
323626584 929235142
277331418 1185647420
561329755 652917015
57106636 959544914
250343431 863637617
583958021 630288749
158559193 1055687577
363340856 1330550054
606553872 967776014
504227094 560481722
635398543 938033343
208634023 1145372773
329995952 884250818
252668349 961578421
465839641 748407129
761560858 803922094
433287168 678843860
480369588 1186308856
93133923 1005343085
48755695 1007985143
337178641 1257953231
186924827 851174127
611024046 882782968
210411289 1186488195
730474041 1079536893
150565839 1044157717
684585867 1179839465
437740306 1119564352
792134021 847274821
628459967 1221120775
380839214 833407556
117398124 929114996
359364323 1031684571
468890024 1218661852
593820644 620426126
696574135 936527339
563467788 1073286602
610461157 1111970835
822873502 838012222
664966165 785755121
764714563 875769591
277425996 1034151086
660153968 1033340698
692256189 857729925
766099152 876294224
771858100 951818494
353074253 917622809
149754469 1064492301
401893385 1376692113
486781709 918976453
472357896 1464756112
791503321 962085395
146308997 1026793481
189849269 924641815
636732657 1311427965
277819928 936426842
351761832 1011213006
377120269 837126501
471707916 996511330
696738243 1212067465
308872268 905374502
711342507 1193469473
707677649 797968775
435431511 912342427
310908751 747935593
852479331 1068730549
341038077 873208693
430045880 784200890
183323933 1056518299
529586661 779218365
354089766 1009508470
165871974 1048374796
890430296 1014743578
470080960 810263744
231106308 1223975972
541552854 1287740968
405427052 1112114896
527133498 1104435918
548345412 665901358
508414332 806092388
269639780 944606990
524856216 643370126
542193576 1340163826
506140450 611451958
602256797 1024579243
428310506 1310813328
176805648 1037441122
319033565 839021487
810569554 1061384090
793835887 920038725
763139765 1215708107
723197565 1249513103
542214148 1415729666
276002044 855039750
334527054 938036572
786937443 842947747
421715819 1245037695
656262092 743084662
642708673 706756059
873311330 1040219908
860109282 989881146
770773620 913314090
755366773 869380393
513371249 700875521
544966744 669280026
264571374 1133677822
255141782 959104988
575794934 869270256
402181643 975846861
375387643 1222056515
599706588 1394843434
199309683 1014937087
435515878 624348294
516039357 1450275617
386567004 940821870
322917454 891329316
463484106 936372170
626040926 1089505564
198333923 893153047
643753026 1167365454
681364608 1051052808
175541839 1158010763
613262091 734594233
224475695 996513605
501047031 1282613793
279414033 934832737
317571607 933332043
275776492 938470278
292232051 950838965
487187212 541164244
375786360 795248280
502390672 1346924364
89973582 950609056
914649168 1011354782
725287132 1125269712
637443025 959587447
107018549 1093466597
316352964 985486234
853973415 1052679849
526522051 880677061
236203567 1156906545
313210834 901035936
