1000
411 952
900 978
904 957
794 921
751 963
901 954
263 932
859 959
90 919
421 978
314 932
342 937
133 993
760 987
130 911
386 931
695 915
413 924
526 982
602 915
692 921
90 954
611 949
304 958
53 968
303 931
905 963
779 964
332 987
718 931
613 989
355 988
395 931
37 930
412 964
885 987
10 914
775 937
627 913
848 934
339 999
605 934
59 973
305 964
345 921
139 939
716 932
34 971
343 919
63 953
41 999
383 954
190 949
448 925
401 952
504 945
679 980
375 931
714 930
864 983
503 951
164 938
584 938
605 916
183 980
412 959
387 999
605 989
539 975
586 959
742 931
804 934
651 937
345 978
489 911
553 949
892 990
469 955
767 938
152 982
264 959
101 930
861 921
609 987
679 915
737 990
901 993
596 991
636 921
245 921
525 958
896 941
345 931
647 913
734 913
63 988
784 996
221 929
122 978
515 948
886 913
559 958
564 920
799 921
894 937
416 983
717 975
91 989
894 975
697 937
835 958
111 975
557 977
280 998
278 915
234 921
118 911
799 996
549 975
838 975
876 924
598 992
40 921
679 928
40 999
799 931
478 955
63 959
748 920
166 983
78 988
297 958
331 954
31 957
533 911
165 958
412 953
299 955
799 969
844 996
879 928
173 978
74 993
46 978
697 915
263 951
111 915
807 990
172 914
104 976
879 977
471 975
799 919
573 958
660 983
17 976
37 951
354 975
737 973
780 964
705 939
650 920
288 919
904 913
380 973
611 968
172 914
248 999
275 929
486 925
481 931
90 949
349 971
299 916
347 921
574 999
605 989
625 996
191 980
44 963
31 982
613 975
828 915
697 913
255 973
342 916
172 968
347 978
750 999
288 949
715 955
456 975
401 932
588 975
794 921
181 996
460 934
42 973
191 958
343 973
622 975
626 958
422 914
658 999
835 934
464 976
738 964
237 939
651 911
71 919
503 915
495 929
634 990
844 936
842 983
846 915
708 993
9 958
188 934
232 975
397 988
153 936
139 965
237 996
611 914
10 983
184 925
591 990
879 975
890 971
93 939
322 988
568 996
693 909
829 999
543 921
633 978
229 977
816 999
748 915
73 916
734 999
531 963
433 977
471 980
18 919
526 909
238 938
517 941
373 988
96 965
759 930
4 983
764 954
432 958
264 955
349 949
885 991
343 964
310 978
794 964
166 983
820 958
177 996
114 978
833 911
401 921
322 993
401 936
129 965
149 932
528 945
695 996
557 931
747 980
354 911
71 928
166 983
422 977
640 941
747 969
890 945
716 992
833 980
145 976
533 948
359 915
53 975
799 963
41 929
842 921
526 958
335 969
159 958
375 996
59 996
568 919
17 998
455 915
26 975
337 932
520 921
422 920
4 968
459 999
402 993
705 916
237 989
427 945
742 916
411 973
635 931
393 958
432 930
101 941
311 928
846 977
526 977
319 969
623 915
96 938
232 949
141 989
18 924
5 914
464 919
435 955
274 931
505 983
804 945
879 989
152 915
526 988
337 996
344 958
70 964
122 948
767 949
84 993
101 988
582 934
389 988
738 952
61 937
334 990
631 999
177 983
526 989
812 945
139 934
828 980
486 959
844 949
151 915
71 916
835 959
297 949
60 982
332 964
193 954
533 959
705 999
495 988
18 951
905 978
350 915
720 964
848 915
71 975
526 958
218 958
514 977
389 941
494 915
723 958
668 934
514 953
322 999
58 993
322 993
343 951
731 915
648 980
386 953
669 937
255 975
806 969
70 999
97 928
811 959
250 934
159 988
861 915
164 913
828 931
466 915
761 958
73 916
632 975
44 949
648 980
855 934
742 989
343 955
133 915
587 913
861 999
604 911
716 975
245 915
641 958
625 916
622 911
503 915
894 983
14 989
708 959
322 954
755 988
190 964
823 975
895 982
323 968
833 921
40 958
533 957
240 958
74 958
794 937
654 980
267 920
836 938
40 916
901 953
93 914
337 999
541 911
46 977
439 941
68 938
332 918
644 977
55 991
101 918
209 958
765 971
226 911
712 991
714 911
350 949
364 969
469 982
275 958
95 931
209 988
710 929
734 958
70 949
636 930
550 920
638 975
40 975
324 983
557 958
754 913
673 989
769 911
276 949
364 914
784 996
201 983
231 911
172 931
461 975
412 915
579 921
695 921
686 954
867 977
900 977
373 964
413 913
384 915
644 978
761 992
653 920
695 915
69 996
238 988
234 990
232 957
808 920
859 992
201 971
432 980
794 915
147 914
143 975
118 998
332 921
734 949
190 999
193 949
737 964
810 919
462 996
143 982
495 913
69 996
143 958
14 975
610 916
237 924
271 911
503 983
830 978
104 915
679 939
613 989
872 992
432 954
294 980
343 992
263 978
569 958
751 936
856 915
769 975
208 945
132 949
347 988
714 915
320 915
248 996
265 969
492 958
143 951
605 915
407 920
267 952
360 936
129 983
168 941
107 928
383 971
732 995
636 916
384 982
264 977
630 941
896 920
769 977
844 987
604 976
836 953
494 996
697 971
705 939
92 968
98 928
221 915
2 931
217 949
849 996
70 941
143 931
757 996
558 954
435 969
885 980
859 996
383 964
26 931
314 921
208 999
783 919
166 952
411 955
731 958
389 975
280 953
582 919
237 915
58 996
397 954
748 954
174 914
97 934
660 964
516 996
553 980
853 929
469 958
240 987
395 925
288 978
829 921
712 996
779 998
522 930
356 964
844 911
828 914
684 958
336 976
726 949
50 989
797 937
875 989
848 953
455 953
490 913
364 921
141 977
869 916
373 991
810 958
655 932
59 954
110 988
338 952
256 958
519 951
181 924
855 958
794 951
421 959
811 954
569 913
551 911
451 969
159 924
373 958
896 921
243 954
859 958
855 983
550 971
648 949
14 988
640 953
223 938
85 915
708 911
279 949
90 924
638 921
638 958
749 953
256 988
612 996
414 938
531 919
653 996
851 958
591 945
88 949
164 911
549 930
45 995
853 975
416 951
146 958
751 993
338 951
264 931
471 930
843 958
185 916
686 915
133 964
340 996
349 969
456 996
545 915
520 993
900 921
858 958
610 915
596 945
592 911
741 913
900 925
636 999
827 977
185 998
60 975
217 909
54 965
664 991
797 916
838 999
62 983
893 919
763 977
263 924
906 954
196 988
769 913
78 957
37 921
401 925
697 978
432 964
586 949
653 916
129 911
742 996
783 931
296 953
143 995
315 928
890 958
90 953
218 936
494 996
306 951
153 978
151 975
70 959
709 930
10 995
339 998
291 983
360 919
248 921
164 971
494 932
665 915
707 963
58 931
98 983
873 958
532 951
226 965
164 916
288 932
152 925
383 921
869 915
754 965
461 977
93 934
836 996
362 993
598 975
101 915
591 941
307 996
821 932
50 918
504 918
653 982
2 980
347 964
612 916
504 975
847 987
494 996
364 971
697 969
310 975
415 964
509 931
426 914
67 915
236 976
613 999
723 971
227 919
59 999
461 978
116 911
759 921
129 999
613 992
679 952
885 988
602 965
712 915
640 999
451 913
18 911
39 920
408 964
101 931
118 928
172 931
184 989
240 916
349 931
757 955
834 977
159 958
484 996
229 921
844 911
41 936
684 975
785 975
41 953
70 978
363 999
184 954
9 955
798 978
850 978
751 987
848 909
484 995
648 932
101 915
299 921
534 948
574 992
184 919
511 973
191 920
858 925
214 916
515 915
856 914
182 913
432 909
643 964
62 909
660 975
63 965
743 980
59 938
532 957
553 982
370 990
904 992
143 965
636 978
433 911
714 932
297 921
362 921
835 980
504 988
64 928
347 925
877 978
627 914
460 988
900 948
401 992
879 909
40 919
807 915
541 968
842 958
358 977
412 921
339 928
632 920
828 965
255 931
10 921
355 925
347 945
42 980
522 975
191 938
431 982
602 975
419 953
201 957
602 952
122 999
545 964
412 930
237 993
533 983
605 931
226 937
248 998
638 915
429 969
164 937
462 964
856 936
754 919
271 992
141 915
632 945
605 953
869 988
421 941
305 932
569 911
495 931
227 949
856 958
166 978
62 945
635 983
890 954
182 913
52 965
596 996
237 939
119 975
174 929
110 919
522 957
550 915
716 975
557 911
343 959
797 957
752 964
799 916
166 983
28 952
380 964
42 988
558 964
561 969
794 954
747 924
28 913
237 952
806 996
885 964
616 955
166 975
696 988
143 911
311 982
579 975
302 916
197 978
461 990
439 951
174 916
707 989
236 929
402 992
602 915
592 975
9 915
316 969
232 925
218 968
139 913
368 983
343 939
569 930
622 931
143 976
622 925
232 982
347 930
553 988
822 990
839 911
895 977
38 932
73 938
799 913
245 999
322 945
185 939
310 999
375 929
676 989
432 991
184 969
737 996
338 978
55 964
345 975
52 939
738 999
251 964
901 980
728 932
375 989
298 929
62 996
240 934
631 925
431 934
307 993
809 920
494 957
526 976
613 918
407 939
96 978
86 953
118 969
660 993
900 993
209 953
364 930
412 919
